1 1 0.00000000 0.00000000 0.0
1 2 0.00005000 0.00023390 0.0
1 3 0.00010000 0.00037271 0.0
1 4 0.00020000 0.00058025 0.0
1 5 0.00040000 0.00089238 0.0
1 6 0.00080000 0.00137350 0.0
1 7 0.00120000 0.00178581 0.0
1 8 0.00200000 0.00253735 0.0
1 9 0.00300000 0.00330215 0.0
1 10 0.00400000 0.00391283 0.0
1 11 0.00500000 0.00442753 0.0
1 12 0.00600000 0.00487571 0.0
1 13 0.00800000 0.00564308 0.0
1 14 0.01000000 0.00629981 0.0
1 15 0.01200000 0.00686204 0.0
1 16 0.01400000 0.00734360 0.0
1 17 0.01600000 0.00775707 0.0
1 18 0.01800000 0.00810687 0.0
1 19 0.02000000 0.00839202 0.0
1 20 0.02200000 0.00861433 0.0
1 21 0.02400000 0.00878308 0.0
1 22 0.02600000 0.00890840 0.0
1 23 0.02800000 0.00900016 0.0
1 24 0.03000000 0.00906804 0.0
1 25 0.03200000 0.00911857 0.0
1 26 0.03400000 0.00915079 0.0
1 27 0.03600000 0.00916266 0.0
1 28 0.03800000 0.00915212 0.0
1 29 0.04000000 0.00911712 0.0
1 30 0.04200000 0.00905657 0.0
1 31 0.04400000 0.00897175 0.0
1 32 0.04600000 0.00886427 0.0
1 33 0.04800000 0.00873572 0.0
1 34 0.05000000 0.00858772 0.0
1 35 0.05200000 0.00842145 0.0
1 36 0.05400000 0.00823712 0.0
1 37 0.05600000 0.00803480 0.0
1 38 0.05800000 0.00781451 0.0
1 39 0.06000000 0.00757633 0.0
1 40 0.06200000 0.00732055 0.0
1 41 0.06400000 0.00704822 0.0
1 42 0.06600000 0.00676046 0.0
1 43 0.06800000 0.00645843 0.0
1 44 0.07000000 0.00614329 0.0
1 45 0.07200000 0.00581599 0.0
1 46 0.07400000 0.00547675 0.0
1 47 0.07600000 0.00512565 0.0
1 48 0.07800000 0.00476281 0.0
1 49 0.08000000 0.00438836 0.0
1 50 0.08200000 0.00400245 0.0
1 51 0.08400000 0.00360536 0.0
1 52 0.08600000 0.00319740 0.0
1 53 0.08800000 0.00277891 0.0
1 54 0.09000000 0.00235025 0.0
1 55 0.09200000 0.00191156 0.0
1 56 0.09400000 0.00146239 0.0
1 57 0.09600000 0.00100232 0.0
1 58 0.09700000 0.00076868 0.0
1 59 0.09800000 0.00053335 0.0
1 60 0.09900000 0.00029690 0.0
1 61 0.10000000 0.00005993 0.0
2 1 0.00000000 0.00000000 0.0
2 2 0.00005000 -0.00046700 0.0
2 3 0.00010000 -0.00059418 0.0
2 4 0.00020000 -0.00078113 0.0
2 5 0.00040000 -0.00105126 0.0
2 6 0.00080000 -0.00142862 0.0
2 7 0.00120000 -0.00169733 0.0
2 8 0.00200000 -0.00202723 0.0
2 9 0.00300000 -0.00226056 0.0
2 10 0.00400000 -0.00245211 0.0
2 11 0.00500000 -0.00260452 0.0
2 12 0.00600000 -0.00271277 0.0
2 13 0.00800000 -0.00284595 0.0
2 14 0.01000000 -0.00293786 0.0
2 15 0.01200000 -0.00299633 0.0
2 16 0.01400000 -0.00302404 0.0
2 17 0.01600000 -0.00302546 0.0
2 18 0.01800000 -0.00300490 0.0
2 19 0.02000000 -0.00296656 0.0
2 20 0.02200000 -0.00291445 0.0
2 21 0.02400000 -0.00285181 0.0
2 22 0.02600000 -0.00278164 0.0
2 23 0.02800000 -0.00270696 0.0
2 24 0.03000000 -0.00263079 0.0
2 25 0.03200000 -0.00255565 0.0
2 26 0.03400000 -0.00248176 0.0
2 27 0.03600000 -0.00240870 0.0
2 28 0.03800000 -0.00233606 0.0
2 29 0.04000000 -0.00226341 0.0
2 30 0.04200000 -0.00219042 0.0
2 31 0.04400000 -0.00211708 0.0
2 32 0.04600000 -0.00204353 0.0
2 33 0.04800000 -0.00196986 0.0
2 34 0.05000000 -0.00189619 0.0
2 35 0.05200000 -0.00182262 0.0
2 36 0.05400000 -0.00174914 0.0
2 37 0.05600000 -0.00167572 0.0
2 38 0.05800000 -0.00160232 0.0
2 39 0.06000000 -0.00152893 0.0
2 40 0.06200000 -0.00145551 0.0
2 41 0.06400000 -0.00138207 0.0
2 42 0.06600000 -0.00130862 0.0
2 43 0.06800000 -0.00123515 0.0
2 44 0.07000000 -0.00116169 0.0
2 45 0.07200000 -0.00108823 0.0
2 46 0.07400000 -0.00101478 0.0
2 47 0.07600000 -0.00094133 0.0
2 48 0.07800000 -0.00086788 0.0
2 49 0.08000000 -0.00079443 0.0
2 50 0.08200000 -0.00072098 0.0
2 51 0.08400000 -0.00064753 0.0
2 52 0.08600000 -0.00057408 0.0
2 53 0.08800000 -0.00050063 0.0
2 54 0.09000000 -0.00042718 0.0
2 55 0.09200000 -0.00035373 0.0
2 56 0.09400000 -0.00028028 0.0
2 57 0.09600000 -0.00020683 0.0
2 58 0.09700000 -0.00017011 0.0
2 59 0.09800000 -0.00013339 0.0
2 60 0.09900000 -0.00009666 0.0
2 61 0.10000000 -0.00005993 0.0
3 1 0.10000000 0.00005993 0.0
3 2 0.10000000 -0.00005993 0.0